-30
-30
-29.7
-29.103
-28.215
-27.0448
-25.6042
-23.9075
-21.9717
-19.8163
-17.4627
-14.9344
-12.2568
-9.45665
-6.56192
-3.60157
-0.605209
2.39721
5.37565
8.30034
11.142
13.8723
16.4638
18.8907
21.1287
23.1554
24.9506
26.4962
27.7769
28.7798
29.495
29.9151
30.0362
29.8568
29.3789
28.6072
27.5494
26.2162
24.6207
22.7791
20.7097
18.4331
15.9723
13.3517
10.5976
7.73754
4.80009
1.81464
-1.18895
-4.18065
-7.13055
-10.0091
-12.7876
-15.4383
-17.9345
-20.2514
-22.3658
-24.2565
-25.9047
-27.2938
-28.41
-29.242
-29.7817
-30.0235
-29.9651
-29.6071
-28.953
-28.0093
-26.7856
-25.294
-23.5494
-21.5694
-19.3737
-16.9842
-14.4249
-11.7214
-8.90059
-5.99081
-3.02113
-0.02124
2.97887
5.94918
8.86001
11.6822
14.3876
16.9492
19.3412
21.5398
23.523
25.271
26.7663
27.9939
28.9416
29.5999
29.9622
30.0248
29.7872
29.2517
28.4237
27.3115
25.9262
24.2815
22.3941
20.2828
17.9686
15.4747
12.8261
10.0492
7.17181
4.22272
1.23139
-1.77224
-4.75815
-7.69648
-10.5579
-13.3136
-15.9363
-18.3996
-20.6789
-22.7514
-24.5964
-26.1954
-27.5325
-28.5942
-29.37
-29.8521
-30.0357
-29.9189
-29.503
-28.792
-27.7931
-26.5162
-24.9742
-23.1825
-21.1589
-18.9237
-16.4993
-13.91
-11.1815
-8.34116
-5.41744
-2.43955
0.562737
3.5594
6.52046
9.41632
12.218
14.8975
17.4281
19.7843
21.9428
23.8818
25.5819
27.0263
28.2004
29.0925
29.6936
29.9978
30.0021
29.7063
29.1135
28.2295
27.0632
25.6263
23.9332
22.0007
19.8482
17.4972
14.9713
12.2956
9.49696
6.60337
3.64374
0.64768
-2.35486
-5.33385
-8.25951
-11.1026
-13.8346
-16.4283
-18.8577
-21.0985
-23.1284
-24.9269
-26.4762
-27.7607
-28.7677
-29.4869
-29.9113
-30.0365
-29.8614
-29.3877
-28.6201
-27.5663
-26.2369
-24.645
-22.8068
-20.7404
-18.4667
-16.0082
-13.3897
-10.6373
