0
-0.3
-0.597
-0.88803
-1.17018
-1.44063
-1.69667
-1.93574
-2.15546
-2.35362
-2.52825
-2.6776
-2.80016
-2.89473
-2.96035
-2.99636
-3.00242
-2.97844
-2.92469
-2.84169
-2.73026
-2.59154
-2.4269
-2.238
-2.02671
-1.79515
-1.54565
-1.28069
-1.00292
-0.715118
-0.420169
-0.121017
0.179344
0.477912
0.771701
1.05777
1.33327
1.59543
1.84164
2.06943
2.27652
2.46086
2.62058
2.75409
2.86007
2.93745
2.98545
3.00359
2.9917
2.9499
2.87859
2.7785
2.65062
2.49624
2.3169
2.11438
1.89072
1.64816
1.38911
1.11617
0.832075
0.539655
0.241838
-0.0583973
-0.358049
-0.654119
-0.943649
-1.22374
-1.4916
-1.74454
-1.98003
-2.19573
-2.38946
-2.55931
-2.70355
-2.82077
-2.90977
-2.96968
-2.99989
-3.00011
-2.97032
-2.91082
-2.82222
-2.7054
-2.56153
-2.39203
-2.19862
-1.98322
-1.74799
-1.49528
-1.22762
-0.947681
-0.658265
-0.362266
-0.0626445
0.237604
0.535475
0.827993
1.11223
1.38534
1.64461
1.88742
2.11136
2.31419
2.49388
2.64862
2.77688
2.87738
2.94909
2.99132
3.00364
2.98591
2.93833
2.86137
2.75579
2.62265
2.46329
2.27929
2.0725
1.84499
1.59903
1.33707
1.06175
0.775806
0.482106
0.183585
-0.116773
-0.415962
-0.710992
-0.998911
-1.27684
-1.542
-1.79175
-2.02357
-2.23516
-2.4244
-2.58939
-2.72849
-2.84031
-2.92372
-2.97789
-3.00229
-2.99666
-2.96107
-2.89586
-2.8017
-2.67952
-2.53054
-2.35626
-2.15842
-1.93899
-1.70017
-1.44435
-1.17409
-0.892087
-0.601163
-0.304226
-0.004248
0.295773
0.592836
0.883971
1.16627
1.4369
1.69316
1.93249
2.1525
2.35098
2.52595
2.67567
2.79862
2.89359
2.95963
2.99606
3.00254
2.97899
2.92565
2.84306
2.73203
2.59369
2.4294
2.24083
2.02984
1.79856
1.54929
1.28453
1.00692
0.719243
0.424374
0.125262
-0.175104
-0.473718
-0.767595
-1.0538
-1.32946
-1.59183
-1.83828
-2.06635
-2.27375
-2.45842
-2.6185
-2.7524
-2.85877
