0.3
0.297
0.29103
0.28215
0.270448
0.256042
0.239075
0.219717
0.198163
0.174627
0.149344
0.122568
0.0945665
0.0656192
0.0360157
0.00605209
-0.0239721
-0.0537565
-0.0830034
-0.11142
-0.138723
-0.164638
-0.188907
-0.211287
-0.231554
-0.249506
-0.264962
-0.277769
-0.287798
-0.29495
-0.299151
-0.300362
-0.298568
-0.293789
-0.286072
-0.275494
-0.262162
-0.246207
-0.227791
-0.207097
-0.184331
-0.159723
-0.133517
-0.105976
-0.0773754
-0.0480009
-0.0181464
0.0118895
0.0418065
0.0713055
0.100091
0.127876
0.154383
0.179345
0.202514
0.223658
0.242565
0.259047
0.272938
0.2841
0.29242
0.297817
0.300235
0.299651
0.296071
0.28953
0.280093
0.267856
0.25294
0.235494
0.215694
0.193737
0.169842
0.144249
0.117214
0.0890059
0.0599081
0.0302113
0.0002124
-0.0297887
-0.0594918
-0.0886001
-0.116822
-0.143876
-0.169492
-0.193412
-0.215398
-0.23523
-0.25271
-0.267663
-0.279939
-0.289416
-0.295999
-0.299622
-0.300248
-0.297872
-0.292517
-0.284237
-0.273115
-0.259262
-0.242815
-0.223941
-0.202828
-0.179686
-0.154747
-0.128261
-0.100492
-0.0717181
-0.0422272
-0.0123139
0.0177224
0.0475815
0.0769648
0.105579
0.133136
0.159363
0.183996
0.206789
0.227514
0.245964
0.261954
0.275325
0.285942
0.2937
0.298521
0.300357
0.299189
0.29503
0.28792
0.277931
0.265162
0.249742
0.231825
0.211589
0.189237
0.164993
0.1391
0.111815
0.0834116
0.0541744
0.0243955
-0.00562737
-0.035594
-0.0652046
-0.0941632
-0.12218
-0.148975
-0.174281
-0.197843
-0.219428
-0.238818
-0.255819
-0.270263
-0.282004
-0.290925
-0.296936
-0.299978
-0.300021
-0.297063
-0.291135
-0.282295
-0.270632
-0.256263
-0.239332
-0.220007
-0.198482
-0.174972
-0.149713
-0.122956
-0.0949696
-0.0660337
-0.0364374
-0.0064768
0.0235486
0.0533385
0.0825951
0.111026
0.138346
0.164283
0.188577
0.210985
0.231284
0.249269
0.264762
0.277607
0.287677
0.294869
0.299113
0.300365
0.298614
0.293877
0.286201
0.275663
0.262369
0.24645
0.228068
0.207404
0.184667
0.160082
0.133897
0.106373
0.0777858
